MEAN TEMP  097072 19100101 20121231 missing_value=99999.9    STRAHAN AERODROME  
19100101 19101231     0.0
19110101 19111231    -0.1
19120101 19121231    -0.1
19130101 19131231    -0.8
19140101 19141231    -0.1
19150101 19151231    -0.7
19160101 19161231    -0.3
19170101 19171231    -0.2
19180101 19181231     0.1
19190101 19191231     0.2
19200101 19201231    -0.3
19210101 19211231     0.1
19220101 19221231     0.1
19230101 19231231    -0.5
19240101 19241231    -0.7
19250101 19251231    -0.7
19260101 19261231    -0.2
19270101 19271231    -0.7
19280101 19281231     0.2
19290101 19291231    -0.6
19300101 19301231    -0.3
19310101 19311231    -0.9
19320101 19321231    -0.5
19330101 19331231    -0.8
19340101 19341231     0.1
19350101 19351231    -0.3
19360101 19361231    -0.3
19370101 19371231     0.0
19380101 19381231     0.1
19390101 19391231     0.0
19400101 19401231    -0.4
19410101 19411231    -0.6
19420101 19421231    -0.2
19430101 19431231    -0.8
19440101 19441231    -0.6
19450101 19451231    -0.7
19460101 19461231    -0.8
19470101 19471231     0.2
19480101 19481231    -0.4
19490101 19491231    -0.8
19500101 19501231     0.0
19510101 19511231    -0.1
19520101 19521231    -0.4
19530101 19531231    -0.3
19540101 19541231    -0.2
19550101 19551231    -0.3
19560101 19561231     0.2
19570101 19571231    -0.3
19580101 19581231    -0.7
19590101 19591231     0.1
19600101 19601231    -0.1
19610101 19611231     0.7
19620101 19621231     0.2
19630101 19631231    -0.2
19640101 19641231    -0.4
19650101 19651231    -0.4
19660101 19661231    -0.2
19670101 19671231    -0.1
19680101 19681231    -0.1
19690101 19691231    -0.1
19700101 19701231    -0.5
19710101 19711231     0.4
19720101 19721231     0.5
19730101 19731231     0.2
19740101 19741231     0.3
19750101 19751231     0.0
19760101 19761231    -0.2
19770101 19771231    -0.3
19780101 19781231    -0.6
19790101 19791231     0.1
19800101 19801231     0.5
19810101 19811231     0.5
19820101 19821231     0.1
19830101 19831231     0.3
19840101 19841231    -0.6
19850101 19851231    -0.2
19860101 19861231    -0.6
19870101 19871231    -0.4
19880101 19881231     0.9
19890101 19891231     0.6
19900101 19901231     0.7
19910101 19911231    -0.3
19920101 19921231    -0.6
19930101 19931231     0.0
19940101 19941231    -0.1
19950101 19951231    -0.4
19960101 19961231    -0.3
19970101 19971231    -0.1
19980101 19981231    -0.3
19990101 19991231     0.4
20000101 20001231     0.4
20010101 20011231     0.4
20020101 20021231     0.3
20030101 20031231     0.0
20040101 20041231    -0.3
20050101 20051231     0.4
20060101 20061231    -0.5
20070101 20071231     0.4
20080101 20081231    -0.2
20090101 20091231     0.2
20100101 20101231     0.2
20110101 20111231     0.2
20120101 20121231     0.4
