MEAN TEMP  013017 19570101 20121231 missing_value=99999.9    GILES METEOROLOGICA
19570101 19571231     0.4
19580101 19581231    -0.3
19590101 19591231     0.3
19600101 19601231    -0.6
19610101 19611231     0.3
19620101 19621231    -0.2
19630101 19631231     0.8
19640101 19641231     0.0
19650101 19651231     1.0
19660101 19661231    -0.5
19670101 19671231    -0.6
19680101 19681231    -0.9
19690101 19691231    -0.5
19700101 19701231     0.1
19710101 19711231     0.1
19720101 19721231     0.4
19730101 19731231     0.3
19740101 19741231    -1.8
19750101 19751231    -0.5
19760101 19761231    -0.9
19770101 19771231     0.4
19780101 19781231    -0.5
19790101 19791231     0.5
19800101 19801231     1.3
19810101 19811231     0.3
19820101 19821231    -0.2
19830101 19831231    -0.3
19840101 19841231    -0.4
19850101 19851231     0.7
19860101 19861231     0.6
19870101 19871231     0.0
19880101 19881231     0.3
19890101 19891231    -0.6
19900101 19901231     0.5
19910101 19911231     1.4
19920101 19921231    -0.3
19930101 19931231     0.2
19940101 19941231     0.5
19950101 19951231     0.3
19960101 19961231     1.4
19970101 19971231     0.5
19980101 19981231     1.0
19990101 19991231    -0.5
20000101 20001231    -1.1
20010101 20011231    -1.2
20020101 20021231     0.4
20030101 20031231     0.4
20040101 20041231     0.4
20050101 20051231     1.0
20060101 20061231     0.5
20070101 20071231     0.4
20080101 20081231     0.7
20090101 20091231     1.0
20100101 20101231    -0.2
20110101 20111231    -0.3
20120101 20121231    -0.1
